2 0.303125 0.078125 0.2 0.15625
2 0.0765625 0.2484375 0.053125 0.178125
2 0.0203125 0.1515625 0.040625 0.196875
2 0.04375 0.2921875 0.06875 0.103125
2 0.2140625 0.203125 0.153125 0.26875
2 0.5109375 0.1421875 0.203125 0.228125
0 0.4015625 0.653125 0.359375 0.0875
0 0.4 0.3828125 0.2 0.028125
0 0.371875 0.490625 0.3 0.13125
0 0.4171875 0.7609375 0.359375 0.046875
1 0.915625 0.6234375 0.16875 0.209375
1 0.7328125 0.603125 0.171875 0.1875
1 0.78125 0.0984375 0.08125 0.196875
1 0.9203125 0.0640625 0.096875 0.128125
1 0.8859375 0.234375 0.134375 0.21875
1 0.9765625 0.2265625 0.046875 0.153125
1 0.984375 0.0671875 0.03125 0.134375