2 0.134375 0.34375 0.14375 0.1
2 0.2703125 0.378125 0.140625 0.11875
2 0.4390625 0.509375 0.128125 0.14375
2 0.31875 0.50625 0.125 0.15
2 0.35 0.2671875 0.125 0.146875
2 0.4078125 0.371875 0.140625 0.10625
2 0.20625 0.234375 0.1375 0.14375
2 0.2015625 0.5265625 0.121875 0.109375
2 0.1515625 0.46875 0.146875 0.15
2 0.2578125 0.6515625 0.109375 0.096875
2 0.2921875 0.7328125 0.078125 0.109375
2 0.2984375 0.89375 0.178125 0.2125
2 0.134375 0.6671875 0.1 0.140625
0 0.7203125 0.709375 0.334375 0.13125
2 0.6828125 0.1296875 0.059375 0.109375
2 0.975 0.48125 0.05 0.2
2 0.759375 0.45625 0.15625 0.15
2 0.615625 0.3734375 0.1 0.109375
2 0.646875 0.5140625 0.06875 0.134375
2 0.978125 0.240625 0.04375 0.1125
2 0.9015625 0.2046875 0.090625 0.234375
2 0.7921875 0.3546875 0.128125 0.090625
2 0.8734375 0.40625 0.059375 0.06875
2 0.6265625 0.221875 0.178125 0.125
2 0.7875 0.1890625 0.125 0.203125
2 0.721875 0.03125 0.1125 0.0625