3 0.24375 0.1703125 0.04375 0.034375
2 0.375 0.803125 0.06875 0.06875
2 0.1765625 0.884375 0.096875 0.075
2 0.053125 0.86875 0.10625 0.06875
2 0.378125 0.88125 0.0625 0.075
2 0.096875 0.96875 0.19375 0.0625
2 0.246875 0.815625 0.11875 0.06875
2 0.046875 0.6859375 0.09375 0.165625
2 0.35625 0.9609375 0.10625 0.078125
2 0.26875 0.9203125 0.15625 0.159375
2 0.1015625 0.80625 0.109375 0.05625
2 0.38125 0.7234375 0.05625 0.090625
2 0.2671875 0.7421875 0.140625 0.078125
2 0.721875 0.871875 0.34375 0.25625
0 0.784375 0.1609375 0.43125 0.253125