3 0.2609375 0.1171875 0.303125 0.234375
3 0.2015625 0.5703125 0.040625 0.059375
3 0.45 0.6609375 0.03125 0.053125
3 0.1828125 0.615625 0.053125 0.03125
3 0.4203125 0.3953125 0.053125 0.053125
3 0.09375 0.9421875 0.04375 0.053125
3 0.0515625 0.4109375 0.028125 0.059375
2 0.8203125 0.653125 0.196875 0.50625
3 0.7625 0.2234375 0.0625 0.040625
3 0.89375 0.25625 0.06875 0.05
3 0.821875 0.23125 0.04375 0.0625
3 0.7984375 0.0578125 0.040625 0.053125
3 0.6890625 0.0140625 0.059375 0.028125
3 0.875 0.3109375 0.0625 0.040625