3 0.021875 0.55625 0.04375 0.075
3 0.0125 0.3484375 0.025 0.071875
3 0.14375 0.028125 0.06875 0.05625
3 0.084375 0.059375 0.0375 0.04375
3 0.1125 0.3234375 0.06875 0.084375
2 0.3125 0.684375 0.1 0.0375
2 0.1765625 0.6375 0.059375 0.04375
2 0.025 0.70625 0.05 0.04375
2 0.2921875 0.7265625 0.109375 0.059375
2 0.0421875 0.809375 0.084375 0.05
2 0.0609375 0.75625 0.121875 0.0625
2 0.10625 0.703125 0.10625 0.0375
2 0.0578125 0.6625 0.096875 0.03125
2 0.2328125 0.671875 0.059375 0.04375
2 0.26875 0.6296875 0.10625 0.028125
2 0.7234375 0.8875 0.128125 0.2125
2 0.7078125 0.44375 0.203125 0.1