1 0.478125 0.459375 0.3 0.36875
1 0.46875 0.1484375 0.2 0.140625
1 0.4375 0.2296875 0.325 0.303125
0 0.2953125 0.746875 0.590625 0.19375
0 0.328125 0.9578125 0.65625 0.084375
1 0.775 0.8953125 0.1375 0.146875
1 0.971875 0.8265625 0.05625 0.103125
1 0.8859375 0.7421875 0.159375 0.109375
1 0.86875 0.8515625 0.15625 0.134375
1 0.99375 0.903125 0.0125 0.0875
3 0.765625 0.334375 0.03125 0.0375
3 0.815625 0.3453125 0.03125 0.034375
3 0.7015625 0.6234375 0.034375 0.040625
3 0.771875 0.63125 0.04375 0.025
3 0.8078125 0.3859375 0.034375 0.034375