2 0.0140625 0.2515625 0.028125 0.165625
2 0.05 0.425 0.05625 0.05625
2 0.2640625 0.228125 0.084375 0.13125
2 0.2515625 0.11875 0.053125 0.11875
2 0.0171875 0.384375 0.034375 0.075
2 0.2921875 0.428125 0.096875 0.08125
2 0.0078125 0.465625 0.015625 0.11875
2 0.0765625 0.2640625 0.084375 0.190625
2 0.0859375 0.05625 0.078125 0.05625
2 0.18125 0.4859375 0.11875 0.159375
2 0.1859375 0.2921875 0.115625 0.090625
2 0.271875 0.35 0.06875 0.05625
2 0.1625 0.0515625 0.0625 0.046875
2 0.09375 0.859375 0.1875 0.28125
2 0.784375 0.8609375 0.2625 0.190625
2 0.8640625 0.259375 0.271875 0.225