2 0.0671875 0.4859375 0.084375 0.078125
2 0.28125 0.475 0.0625 0.0625
2 0.2078125 0.3921875 0.046875 0.021875
2 0.06875 0.5515625 0.0875 0.034375
2 0.0296875 0.41875 0.059375 0.0375
2 0.221875 0.5984375 0.0875 0.078125
2 0.0078125 0.4640625 0.015625 0.040625
2 0.1265625 0.5703125 0.040625 0.028125
2 0.2265625 0.50625 0.084375 0.04375
2 0.009375 0.4984375 0.01875 0.046875
2 0.303125 0.571875 0.06875 0.0375
2 0.0515625 0.5890625 0.103125 0.059375
2 0.14375 0.4921875 0.0625 0.090625
2 0.2875 0.5328125 0.05 0.028125
2 0.271875 0.421875 0.0375 0.05625
2 0.153125 0.39375 0.05625 0.025
0 0.084375 0.8203125 0.16875 0.359375
1 0.68125 0.8890625 0.51875 0.221875
0 0.684375 0.421875 0.3625 0.06875