1 0.1578125 0.3390625 0.190625 0.146875
1 0.140625 0.7625 0.28125 0.25625
2 0.49375 0.68125 0.09375 0.03125
2 0.6875 0.6609375 0.15625 0.065625
2 0.7859375 0.7171875 0.053125 0.034375
2 0.4921875 0.7578125 0.103125 0.071875
2 0.6078125 0.778125 0.134375 0.0375
2 0.7109375 0.7078125 0.065625 0.028125
2 0.6015625 0.7078125 0.071875 0.021875
2 0.553125 0.7375 0.0625 0.03125
2 0.5078125 0.7109375 0.078125 0.028125
2 0.41875 0.675 0.0375 0.0375
2 0.646875 0.7328125 0.09375 0.028125
2 0.4203125 0.7375 0.040625 0.03125
2 0.434375 0.775 0.06875 0.04375
2 0.7609375 0.778125 0.084375 0.025
2 0.421875 0.70625 0.04375 0.025
2 0.721875 0.7484375 0.10625 0.046875
1 0.7953125 0.1984375 0.409375 0.396875