0 0.3203125 0.209375 0.190625 0.25
0 0.1078125 0.021875 0.215625 0.04375
0 0.1921875 0.5484375 0.384375 0.109375
2 0.6953125 0.4140625 0.084375 0.040625
2 0.8 0.384375 0.05 0.05
2 0.6609375 0.58125 0.115625 0.05625
2 0.7375 0.4609375 0.09375 0.040625
2 0.69375 0.5203125 0.11875 0.071875
2 0.6546875 0.4625 0.065625 0.05
2 0.8828125 0.375 0.096875 0.03125
2 0.58125 0.4453125 0.06875 0.059375
2 0.9203125 0.4375 0.090625 0.04375
2 0.9015625 0.4875 0.096875 0.06875
2 0.8515625 0.421875 0.053125 0.05
2 0.575 0.525 0.1125 0.05
2 0.7125 0.0328125 0.26875 0.065625
2 0.95625 0.065625 0.0875 0.13125