3 0.29375 0.2546875 0.28125 0.309375
2 0.528125 0.8125 0.10625 0.0875
2 0.215625 0.75 0.09375 0.11875
2 0.3125 0.5796875 0.05 0.084375
2 0.4125 0.6265625 0.08125 0.065625
2 0.4453125 0.909375 0.109375 0.09375
2 0.265625 0.6421875 0.05 0.084375
2 0.2359375 0.5625 0.090625 0.05625
2 0.5203125 0.678125 0.065625 0.1
2 0.196875 0.6671875 0.0875 0.071875
2 0.371875 0.70625 0.0875 0.06875
2 0.415625 0.8046875 0.1125 0.121875
2 0.4515625 0.709375 0.065625 0.0875
3 0.9359375 0.775 0.128125 0.3
0 0.84375 0.234375 0.3125 0.3125