2 0.5109375 0.465625 0.053125 0.06875
2 0.2296875 0.325 0.090625 0.05625
2 0.5265625 0.315625 0.134375 0.0625
2 0.2359375 0.4484375 0.096875 0.103125
2 0.1625 0.3609375 0.05625 0.034375
2 0.403125 0.3828125 0.1 0.046875
2 0.428125 0.4359375 0.11875 0.078125
2 0.16875 0.2828125 0.06875 0.084375
2 0.340625 0.4109375 0.04375 0.034375
2 0.25 0.1703125 0.05 0.028125
2 0.146875 0.4125 0.075 0.05
2 0.484375 0.26875 0.04375 0.05625
2 0.4546875 0.2078125 0.084375 0.053125
2 0.40625 0.2984375 0.09375 0.103125
2 0.5359375 0.39375 0.078125 0.05625
2 0.178125 0.2125 0.04375 0.075
2 0.3109375 0.1734375 0.059375 0.034375
2 0.31875 0.30625 0.06875 0.11875
2 0.3875 0.6578125 0.24375 0.171875
2 0.059375 0.6234375 0.11875 0.190625
2 0.8984375 0.8078125 0.203125 0.384375
0 0.890625 0.16875 0.10625 0.3375