1 0.1265625 0.36875 0.234375 0.175
1 0.1140625 0.1828125 0.228125 0.240625
2 0.1328125 0.65625 0.059375 0.03125
2 0.0171875 0.6234375 0.034375 0.028125
2 0.003125 0.678125 0.00625 0.0375
2 0.134375 0.75 0.08125 0.0625
2 0.15625 0.803125 0.08125 0.05
2 0.2171875 0.753125 0.078125 0.04375
2 0.0109375 0.7203125 0.021875 0.059375
2 0.0234375 0.665625 0.040625 0.04375
2 0.1609375 0.7 0.046875 0.04375
2 0.059375 0.63125 0.0375 0.04375
2 0.1015625 0.696875 0.065625 0.0375
2 0.2125 0.6828125 0.05 0.053125
3 0.5515625 0.7453125 0.221875 0.171875
0 0.621875 0.340625 0.575 0.39375