0 0.1765625 0.046875 0.353125 0.09375
1 0.225 0.6453125 0.3625 0.390625
1 0.590625 0.475 0.0125 0.0125
1 0.809375 0.5125 0.01875 0.0125
1 0.7984375 0.6015625 0.021875 0.028125
1 0.7109375 0.521875 0.028125 0.0125
1 0.7578125 0.3234375 0.015625 0.015625
1 0.621875 0.434375 0.0125 0.0125
1 0.7625 0.4203125 0.01875 0.015625
1 0.740625 0.459375 0.01875 0.0125
1 0.665625 0.5171875 0.025 0.021875
1 0.7140625 0.36875 0.009375 0.0125
1 0.6328125 0.3921875 0.009375 0.015625
0 0.746875 0.109375 0.50625 0.21875