0 0.3078125 0.4109375 0.153125 0.071875
0 0.5375 0.3515625 0.15 0.053125
0 0.4578125 0.4109375 0.153125 0.040625
0 0.48125 0.2515625 0.08125 0.171875
0 0.1875 0.4484375 0.14375 0.059375
2 0.23125 0.8859375 0.2875 0.228125
2 0.8109375 0.81875 0.140625 0.08125
2 0.9109375 0.71875 0.084375 0.08125
2 0.9546875 0.640625 0.090625 0.0625
2 0.9421875 0.8109375 0.115625 0.115625
2 0.81875 0.6890625 0.0875 0.096875
2 0.9203125 0.9109375 0.146875 0.090625
2 0.978125 0.715625 0.04375 0.06875
3 0.971875 0.184375 0.0375 0.075
3 0.8984375 0.3828125 0.034375 0.090625