3 0.01875 0.4078125 0.0375 0.078125
3 0.0703125 0.509375 0.096875 0.0625
3 0.1078125 0.4375 0.078125 0.0625
3 0.003125 0.190625 0.00625 0.06875
3 0.1578125 0.009375 0.071875 0.01875
1 0.0734375 0.9203125 0.146875 0.159375
3 0.7890625 0.8890625 0.284375 0.221875
2 0.709375 0.3421875 0.10625 0.090625
2 0.6421875 0.4125 0.121875 0.075
2 0.5875 0.321875 0.11875 0.09375
2 0.5375 0.46875 0.125 0.09375
2 0.525 0.390625 0.125 0.0625
2 0.759375 0.409375 0.11875 0.06875
2 0.7859375 0.4953125 0.109375 0.090625
2 0.5828125 0.50625 0.103125 0.06875
2 0.68125 0.4921875 0.10625 0.096875