2 0.03125 0.046875 0.0625 0.09375
2 0.446875 0.3765625 0.1625 0.190625
2 0.5609375 0.0734375 0.115625 0.146875
2 0.1640625 0.25625 0.165625 0.0875
2 0.1578125 0.096875 0.159375 0.19375
2 0.0125 0.4078125 0.025 0.128125
2 0.26875 0.3046875 0.075 0.065625
2 0.034375 0.128125 0.06875 0.11875
2 0.5421875 0.0046875 0.071875 0.009375
2 0.45625 0.146875 0.15625 0.10625
2 0.3046875 0.1125 0.115625 0.225
2 0.5984375 0.3078125 0.128125 0.096875
2 0.56875 0.215625 0.09375 0.06875
2 0.003125 0.275 0.00625 0.10625
2 0.1234375 0.353125 0.203125 0.14375
2 0.4640625 0.6609375 0.096875 0.084375
2 0.803125 0.490625 0.1 0.03125
2 0.859375 0.590625 0.0625 0.05
2 0.7390625 0.5671875 0.071875 0.040625
2 0.815625 0.6765625 0.225 0.071875
2 0.725 0.4984375 0.05 0.034375
2 0.790625 0.5890625 0.06875 0.053125
2 0.9203125 0.509375 0.053125 0.075
2 0.8078125 0.5328125 0.040625 0.046875
3 0.975 0.2625 0.05 0.05