1 0.1078125 0.4546875 0.215625 0.240625
1 0.5203125 0.4578125 0.259375 0.365625
2 0.440625 0.86875 0.125 0.075
2 0.4359375 0.7546875 0.090625 0.040625
2 0.4796875 0.8078125 0.071875 0.053125
2 0.2203125 0.834375 0.103125 0.075
2 0.5640625 0.875 0.115625 0.05625
2 0.3265625 0.725 0.053125 0.05625
2 0.55625 0.7890625 0.075 0.065625
2 0.275 0.7640625 0.05625 0.053125
2 0.3921875 0.80625 0.096875 0.04375
2 0.4734375 0.9359375 0.121875 0.059375
2 0.240625 0.7140625 0.1 0.034375
2 0.2 0.7828125 0.09375 0.046875
1 0.9390625 0.9171875 0.121875 0.159375
1 0.9375 0.5203125 0.125 0.146875