3 0.225 0.0578125 0.08125 0.071875
2 0.2015625 0.709375 0.121875 0.09375
2 0.1109375 0.615625 0.115625 0.08125
2 0.28125 0.5125 0.1 0.06875
2 0.19375 0.515625 0.06875 0.08125
2 0.43125 0.3734375 0.1 0.053125
2 0.4515625 0.5546875 0.103125 0.115625
2 0.1171875 0.4859375 0.071875 0.096875
2 0.3453125 0.390625 0.053125 0.08125
2 0.471875 0.4765625 0.09375 0.071875
2 0.2375 0.4359375 0.0875 0.065625
2 0.234375 0.6078125 0.125 0.115625
2 0.4 0.45 0.05625 0.08125
2 0.846875 0.6 0.30625 0.26875
2 0.8421875 0.1359375 0.234375 0.153125