3 0.2125 0.090625 0.26875 0.18125
0 0.253125 0.528125 0.15625 0.325
1 0.8390625 0.49375 0.153125 0.0875
2 0.9703125 0.2 0.059375 0.15625
2 0.6 0.2921875 0.1 0.146875
2 0.9765625 0.0671875 0.046875 0.096875
2 0.6859375 0.0140625 0.134375 0.028125
2 0.5796875 0.165625 0.059375 0.1
2 0.7046875 0.075 0.115625 0.09375
2 0.578125 0.00625 0.05625 0.0125
2 0.84375 0.0640625 0.10625 0.078125
2 0.771875 0.16875 0.09375 0.1
2 0.8515625 0.303125 0.196875 0.125
2 0.9265625 0.00625 0.146875 0.0125
2 0.5828125 0.059375 0.065625 0.09375
2 0.684375 0.2328125 0.15 0.246875
2 0.9078125 0.146875 0.134375 0.09375