0 0.29375 0.2640625 0.5875 0.303125
2 0.325 0.890625 0.16875 0.0375
2 0.55625 0.815625 0.05625 0.03125
2 0.4515625 0.8203125 0.096875 0.028125
2 0.3328125 0.8171875 0.090625 0.021875
2 0.4671875 0.790625 0.115625 0.03125
2 0.2265625 0.7671875 0.196875 0.065625
2 0.540625 0.8859375 0.0875 0.046875
2 0.1828125 0.8578125 0.134375 0.046875
2 0.5609375 0.7828125 0.046875 0.034375
2 0.196875 0.8171875 0.08125 0.028125
2 0.134375 0.8890625 0.10625 0.028125
2 0.3953125 0.8484375 0.078125 0.028125
2 0.278125 0.8421875 0.11875 0.028125
2 0.559375 0.846875 0.05 0.03125
2 0.4703125 0.86875 0.128125 0.075
2 0.10625 0.825 0.0625 0.0375
2 0.7875 0.8453125 0.19375 0.171875
1 0.896875 0.53125 0.20625 0.25
1 0.68125 0.5078125 0.1875 0.234375