0 0.1734375 0.1859375 0.178125 0.371875
3 0.10625 0.78125 0.2125 0.35
2 0.7359375 0.7140625 0.115625 0.128125
2 0.7265625 0.5578125 0.034375 0.034375
2 0.7234375 0.596875 0.034375 0.0375
2 0.690625 0.2609375 0.0625 0.071875
2 0.434375 0.1625 0.08125 0.075
2 0.9 0.015625 0.0625 0.03125
2 0.4109375 0.2640625 0.109375 0.103125
2 0.659375 0.0859375 0.1 0.171875
2 0.53125 0.0890625 0.13125 0.115625
2 0.8171875 0.3125 0.171875 0.15625
2 0.959375 0.2265625 0.08125 0.115625
2 0.93125 0.06875 0.1375 0.13125
2 0.440625 0.04375 0.1 0.0875
2 0.7859375 0.0703125 0.134375 0.140625
2 0.78125 0.20625 0.14375 0.09375
2 0.5390625 0.3375 0.140625 0.20625
2 0.9375 0.371875 0.075 0.1375