2 0.6390625 0.10625 0.071875 0.05
2 0.215625 0.184375 0.1 0.0625
2 0.4640625 0.096875 0.071875 0.10625
2 0.6296875 0.178125 0.109375 0.0625
2 0.303125 0.06875 0.1375 0.05
2 0.1984375 0.08125 0.065625 0.05
2 0.38125 0.2171875 0.0875 0.078125
2 0.2875 0.215625 0.09375 0.08125
2 0.3234375 0.3453125 0.303125 0.109375
2 0.3109375 0.13125 0.053125 0.06875
2 0.5046875 0.6375 0.184375 0.275
2 0.93125 0.4890625 0.125 0.084375
2 0.9671875 0.775 0.065625 0.075
2 0.9671875 0.6375 0.065625 0.16875
2 0.846875 0.9078125 0.075 0.109375
2 0.9421875 0.859375 0.115625 0.125
2 0.8859375 0.5890625 0.065625 0.090625
2 0.8109375 0.790625 0.115625 0.09375
2 0.821875 0.6640625 0.2 0.103125
1 0.9875 0.203125 0.025 0.18125
1 0.975 0.0640625 0.05 0.128125
1 0.825 0.26875 0.1875 0.1
1 0.859375 0.165625 0.23125 0.1375