2 0.175 0.234375 0.14375 0.125
2 0.1015625 0.103125 0.084375 0.04375
2 0.1515625 0.725 0.303125 0.25
2 0.6796875 0.9296875 0.471875 0.140625
1 0.9296875 0.30625 0.015625 0.01875
1 0.8328125 0.35625 0.034375 0.025
1 0.775 0.3625 0.0375 0.01875
1 0.771875 0.1796875 0.0125 0.015625
1 0.6640625 0.459375 0.028125 0.03125
1 0.8765625 0.2078125 0.015625 0.015625
1 0.7359375 0.2875 0.021875 0.0125
1 0.6484375 0.3515625 0.021875 0.015625
1 0.709375 0.240625 0.025 0.01875
1 0.7140625 0.125 0.021875 0.01875
1 0.890625 0.2578125 0.01875 0.015625