3 0.1140625 0.3953125 0.228125 0.265625
2 0.103125 0.746875 0.05625 0.0875
2 0.040625 0.7171875 0.0625 0.103125
2 0.2734375 0.6796875 0.046875 0.084375
2 0.1390625 0.6640625 0.071875 0.065625
2 0.3015625 0.6 0.084375 0.05625
2 0.109375 0.95 0.1 0.09375
2 0.1359375 0.8453125 0.103125 0.121875
2 0.3359375 0.7078125 0.078125 0.071875
2 0.3171875 0.7875 0.084375 0.11875
2 0.23125 0.6171875 0.04375 0.084375
2 0.175 0.74375 0.08125 0.06875
2 0.040625 0.853125 0.08125 0.0875
2 0.8734375 0.9265625 0.221875 0.146875
3 0.73125 0.3109375 0.23125 0.196875