3 0.1484375 0.4375 0.296875 0.30625
1 0.2234375 0.7890625 0.071875 0.065625
1 0.0875 0.765625 0.075 0.075
1 0.140625 0.7125 0.075 0.05625
1 0.00625 0.7734375 0.0125 0.128125
1 0.15625 0.775 0.0625 0.06875
1 0.0625 0.8546875 0.1 0.103125
1 0.1546875 0.8515625 0.084375 0.071875
2 0.75625 0.9359375 0.1375 0.128125
2 0.9578125 0.9296875 0.084375 0.140625
2 0.484375 0.9203125 0.1875 0.159375
2 0.8828125 0.96875 0.046875 0.0625
2 0.6765625 0.8625 0.184375 0.14375
2 0.5578125 0.4953125 0.271875 0.178125