2 0.0578125 0.121875 0.084375 0.125
2 0.2328125 0.21875 0.146875 0.10625
2 0.009375 0.1609375 0.01875 0.109375
2 0.3515625 0.525 0.178125 0.14375
2 0.3609375 0.2234375 0.103125 0.128125
2 0.4859375 0.3796875 0.171875 0.128125
2 0.475 0.1765625 0.10625 0.153125
2 0.0421875 0.021875 0.084375 0.04375
2 0.2984375 0.0984375 0.134375 0.096875
2 0.3015625 0.3671875 0.184375 0.178125
2 0.0265625 0.284375 0.053125 0.175
2 0.1359375 0.0453125 0.078125 0.090625
0 0.3984375 0.9546875 0.321875 0.090625
0 0.91875 0.85 0.1625 0.3
3 0.871875 0.4421875 0.1875 0.128125