2 0.0390625 0.2671875 0.078125 0.090625
2 0.4078125 0.3921875 0.203125 0.159375
2 0.265625 0.3390625 0.175 0.096875
2 0.1953125 0.49375 0.253125 0.125
2 0.1828125 0.25625 0.134375 0.075
2 0.0375 0.425 0.075 0.24375
2 0.525 0.284375 0.1 0.11875
2 0.3875 0.259375 0.125 0.09375
2 0.0328125 0.16875 0.065625 0.10625
2 0.48125 0.49375 0.15625 0.0875
2 0.090625 0.359375 0.11875 0.1
2 0.3421875 0.1015625 0.296875 0.203125
2 0.19375 0.875 0.3875 0.25
0 0.8359375 0.9140625 0.328125 0.171875
2 0.8984375 0.1859375 0.203125 0.371875