2 0.209375 0.1078125 0.30625 0.215625
0 0.1203125 0.38125 0.240625 0.05
0 0.1359375 0.578125 0.271875 0.2375
0 0.178125 0.8703125 0.35625 0.159375
2 0.7390625 0.5484375 0.496875 0.403125
2 0.9578125 0.1875 0.084375 0.075
2 0.6875 0.2921875 0.1375 0.059375
2 0.8515625 0.078125 0.059375 0.05625
2 0.5828125 0.2296875 0.134375 0.053125
2 0.7265625 0.109375 0.103125 0.04375
2 0.9703125 0.1359375 0.059375 0.046875
2 0.678125 0.1625 0.08125 0.05625
2 0.9453125 0.0671875 0.109375 0.034375
2 0.778125 0.159375 0.1125 0.04375
2 0.7234375 0.2234375 0.140625 0.078125
2 0.590625 0.1421875 0.08125 0.065625
2 0.9109375 0.1203125 0.065625 0.053125