2 0.5859375 0.3421875 0.065625 0.103125
2 0.296875 0.240625 0.1125 0.08125
2 0.1625 0.09375 0.25 0.1875
2 0.05625 0.4828125 0.1125 0.090625
2 0.1078125 0.378125 0.171875 0.1625
2 0.45 0.25 0.125 0.09375
2 0.46875 0.15 0.14375 0.10625
2 0.5828125 0.2359375 0.071875 0.096875
2 0.1234375 0.2421875 0.103125 0.096875
2 0.375 0.3453125 0.1 0.103125
2 0.5640625 0.471875 0.109375 0.15
2 0.025 0.2703125 0.05 0.121875
2 0.228125 0.3234375 0.15 0.096875
2 0.2875 0.4828125 0.2125 0.128125
2 0.5890625 0.1265625 0.059375 0.121875
2 0.471875 0.4125 0.1625 0.25
1 0.1453125 0.83125 0.290625 0.3375
2 0.7828125 0.6859375 0.153125 0.159375
2 0.9609375 0.678125 0.078125 0.11875
2 0.815625 0.43125 0.125 0.1375