3 0.1546875 0.1515625 0.303125 0.271875
2 0.0984375 0.6140625 0.196875 0.253125
2 0.915625 0.5828125 0.15 0.153125
2 0.66875 0.39375 0.08125 0.04375
2 0.8125 0.7484375 0.06875 0.053125
2 0.9109375 0.709375 0.153125 0.06875
2 0.765625 0.3984375 0.1 0.053125
2 0.9640625 0.4484375 0.071875 0.078125
2 0.50625 0.7515625 0.11875 0.078125
2 0.6390625 0.6234375 0.146875 0.084375
2 0.928125 0.7875 0.14375 0.1125
2 0.5390625 0.5609375 0.109375 0.121875
2 0.7796875 0.5953125 0.109375 0.178125
2 0.55625 0.45625 0.06875 0.1125
2 0.646875 0.80625 0.15 0.15
2 0.53125 0.6765625 0.0875 0.053125
2 0.89375 0.1 0.2125 0.1875