2 0.5765625 0.5203125 0.078125 0.078125
2 0.4703125 0.5046875 0.096875 0.059375
2 0.153125 0.446875 0.13125 0.06875
2 0.065625 0.646875 0.1 0.09375
2 0.04375 0.43125 0.05625 0.075
2 0.375 0.5546875 0.1375 0.059375
2 0.0484375 0.4984375 0.065625 0.059375
2 0.0453125 0.5671875 0.059375 0.065625
2 0.5421875 0.653125 0.121875 0.05625
2 0.15 0.609375 0.15 0.15625
2 0.3203125 0.6546875 0.196875 0.078125
2 0.434375 0.3984375 0.23125 0.140625
2 0.3109375 0.503125 0.103125 0.05
2 0.484375 0.5875 0.15625 0.1
2 0.171875 0.509375 0.1125 0.05625
2 0.2390625 0.56875 0.090625 0.0625
0 0.240625 0.8890625 0.48125 0.221875
1 0.8921875 0.903125 0.215625 0.19375
3 0.9421875 0.34375 0.115625 0.18125