2 0.4515625 0.29375 0.021875 0.0375
2 0.4453125 0.45 0.071875 0.125
2 0.4546875 0.3328125 0.021875 0.040625
2 0.590625 0.6375 0.0625 0.075
2 0.1125 0.890625 0.075 0.06875
2 0.5171875 0.75 0.134375 0.05625
2 0.1953125 0.6328125 0.121875 0.053125
2 0.60625 0.7078125 0.1 0.084375
2 0.2640625 0.7234375 0.134375 0.103125
2 0.359375 0.8359375 0.0625 0.034375
2 0.09375 0.740625 0.1875 0.0625
2 0.15 0.69375 0.0625 0.05625
2 0.078125 0.81875 0.1125 0.05625
2 0.4890625 0.5953125 0.071875 0.028125
2 0.509375 0.8734375 0.1375 0.103125
2 0.234375 0.8609375 0.16875 0.078125
2 0.3890625 0.73125 0.096875 0.11875
2 0.6140625 0.7859375 0.078125 0.034375
2 0.6390625 0.8375 0.109375 0.05
2 0.4015625 0.5984375 0.090625 0.034375
2 0.2703125 0.8078125 0.140625 0.046875
1 0.9875 0.9390625 0.025 0.103125