2 0.2328125 0.371875 0.128125 0.1125
2 0.14375 0.0984375 0.075 0.121875
2 0.26875 0.2484375 0.13125 0.140625
2 0.3171875 0.1296875 0.103125 0.084375
2 0.3875 0.015625 0.05625 0.03125
2 0.521875 0.0859375 0.1 0.084375
2 0.4421875 0.05625 0.059375 0.1
2 0.225 0.134375 0.075 0.1
2 0.5 0.18125 0.10625 0.1375
2 0.2703125 0.0375 0.096875 0.075
2 0.1359375 0.25625 0.121875 0.1
1 0.3125 0.5265625 0.31875 0.159375
1 0.2734375 0.6453125 0.296875 0.190625
1 0.2828125 0.484375 0.196875 0.075
2 0.8390625 0.95625 0.321875 0.0875
2 0.921875 0.715625 0.15625 0.35
1 0.890625 0.0515625 0.21875 0.103125