2 0.2359375 0.3765625 0.134375 0.146875
2 0.1328125 0.4484375 0.053125 0.134375
2 0.034375 0.4140625 0.06875 0.203125
2 0.1671875 0.4828125 0.071875 0.078125
3 0.0328125 0.6984375 0.065625 0.121875
3 0.5703125 0.70625 0.153125 0.1375
1 0.7203125 0.209375 0.028125 0.04375
1 0.7671875 0.05 0.015625 0.025
1 0.5640625 0.2015625 0.021875 0.028125
1 0.615625 0.0203125 0.01875 0.028125
1 0.6703125 0.2203125 0.034375 0.028125
1 0.5765625 0.3765625 0.021875 0.053125
1 0.6375 0.096875 0.01875 0.025
1 0.8 0.1296875 0.0125 0.028125