2 0.234375 0.1875 0.1 0.06875
2 0.10625 0.35625 0.16875 0.09375
2 0.325 0.3484375 0.0875 0.109375
2 0.009375 0.1796875 0.01875 0.071875
2 0.2515625 0.1140625 0.115625 0.078125
2 0.340625 0.175 0.05625 0.06875
2 0.1140625 0.178125 0.090625 0.05625
2 0.059375 0.240625 0.11875 0.06875
2 0.253125 0.3046875 0.13125 0.184375
2 0.34375 0.253125 0.05 0.075
2 0.1765625 0.25625 0.078125 0.075
2 0.015625 0.2796875 0.03125 0.115625
2 0.3453125 0.0953125 0.046875 0.090625
2 0.053125 0.0703125 0.10625 0.140625
0 0.0546875 0.709375 0.109375 0.58125
3 0.734375 0.721875 0.3625 0.2875
3 0.8859375 0.115625 0.228125 0.175