1 0.0671875 0.8859375 0.134375 0.228125
2 0.784375 0.75625 0.09375 0.08125
2 0.5109375 0.69375 0.046875 0.0875
2 0.4140625 0.6296875 0.059375 0.065625
2 0.5046875 0.6140625 0.115625 0.065625
2 0.4296875 0.7625 0.084375 0.08125
2 0.490625 0.8015625 0.08125 0.103125
2 0.571875 0.8046875 0.075 0.096875
2 0.521875 0.9484375 0.2625 0.103125
2 0.790625 0.6609375 0.0625 0.065625
2 0.6421875 0.6515625 0.059375 0.140625
2 0.503125 0.2984375 0.15 0.109375
2 0.828125 0.4921875 0.06875 0.078125
2 0.7328125 0.275 0.078125 0.04375
2 0.578125 0.1828125 0.0875 0.040625
2 0.8734375 0.4265625 0.065625 0.053125