3 0.284375 0.16875 0.04375 0.08125
3 0.3828125 0.0109375 0.046875 0.021875
2 0.3703125 0.503125 0.115625 0.0375
2 0.4 0.5421875 0.14375 0.059375
2 0.5 0.5671875 0.0625 0.053125
2 0.5296875 0.509375 0.090625 0.04375
2 0.1046875 0.3703125 0.053125 0.059375
2 0.171875 0.553125 0.1125 0.08125
2 0.165625 0.45625 0.1125 0.04375
2 0.5203125 0.45 0.159375 0.05
2 0.375 0.4359375 0.1125 0.084375
2 0.4703125 0.4125 0.053125 0.04375
2 0.065625 0.5234375 0.0875 0.040625
2 0.090625 0.4234375 0.08125 0.065625
2 0.271875 0.4421875 0.08125 0.096875
2 0.296875 0.5234375 0.05 0.028125
2 0.434375 0.3640625 0.1 0.040625
2 0.1890625 0.3359375 0.059375 0.021875
2 0.2625 0.3390625 0.075 0.028125
2 0.0859375 0.4859375 0.065625 0.028125
1 0.828125 0.45625 0.0375 0.025
1 0.6609375 0.50625 0.046875 0.01875
1 0.8328125 0.5109375 0.040625 0.015625
2 0.9375 0.0234375 0.125 0.046875