2 0.3234375 0.3296875 0.053125 0.153125
2 0.1796875 0.2921875 0.159375 0.228125
2 0.4265625 0.2484375 0.134375 0.165625
2 0.096875 0.165625 0.19375 0.16875
2 0.3578125 0.3671875 0.071875 0.090625
3 0.146875 0.9140625 0.0625 0.059375
3 0.003125 0.45625 0.00625 0.0625
3 0.021875 0.95625 0.04375 0.06875
3 0.090625 0.925 0.05 0.0875
3 0.215625 0.609375 0.05625 0.075
3 0.1078125 0.68125 0.040625 0.08125
3 0.7453125 0.5875 0.115625 0.10625
2 0.9328125 0.31875 0.134375 0.125
2 0.8046875 0.203125 0.215625 0.1375