2 0.08125 0.0921875 0.1125 0.053125
2 0.3421875 0.140625 0.153125 0.075
2 0.44375 0.51875 0.09375 0.1
2 0.3953125 0.2296875 0.078125 0.084375
2 0.096875 0.2859375 0.125 0.178125
2 0.246875 0.4 0.175 0.06875
2 0.1359375 0.4375 0.078125 0.05
2 0.009375 0.0875 0.01875 0.04375
2 0.015625 0.49375 0.03125 0.15
2 0.471875 0.3 0.24375 0.09375
2 0.253125 0.2734375 0.16875 0.153125
2 0.0109375 0.3140625 0.021875 0.084375
2 0.2921875 0.475 0.215625 0.1125
2 0.4875 0.4125 0.1375 0.08125
3 0.4765625 0.834375 0.203125 0.33125
3 0.803125 0.7296875 0.10625 0.065625
3 0.89375 0.7828125 0.06875 0.115625
1 0.8515625 0.3375 0.284375 0.375