2 0.3984375 0.2234375 0.221875 0.109375
2 0.340625 0.3046875 0.08125 0.078125
2 0.271875 0.0328125 0.15625 0.065625
2 0.034375 0.1 0.06875 0.125
2 0.11875 0.8265625 0.1 0.071875
2 0.4265625 0.834375 0.115625 0.06875
2 0.55625 0.9015625 0.0625 0.078125
2 0.4484375 0.9296875 0.153125 0.140625
2 0.053125 0.9859375 0.10625 0.028125
2 0.446875 0.759375 0.1375 0.08125
2 0.35625 0.9046875 0.09375 0.078125
2 0.15625 0.7015625 0.2375 0.165625
2 0.2828125 0.825 0.109375 0.05625
2 0.025 0.8453125 0.05 0.090625
2 0.559375 0.7390625 0.05625 0.090625
2 0.103125 0.928125 0.1625 0.11875
2 0.2171875 0.8890625 0.140625 0.071875
2 0.553125 0.8203125 0.06875 0.071875
2 0.5359375 0.971875 0.103125 0.05625
2 0.2734375 0.9796875 0.203125 0.040625
2 0.975 0.5453125 0.05 0.165625
2 0.75625 0.6328125 0.18125 0.115625
2 0.9203125 0.671875 0.159375 0.1375
2 0.8421875 0.840625 0.153125 0.125
2 0.9546875 0.8171875 0.090625 0.171875
2 0.7765625 0.775 0.184375 0.16875
2 0.846875 0.5078125 0.175 0.165625
0 0.8125 0.3140625 0.1625 0.053125