2 0.4421875 0.4984375 0.065625 0.040625
2 0.303125 0.39375 0.1625 0.0875
2 0.5796875 0.45625 0.046875 0.0375
2 0.278125 0.459375 0.06875 0.0375
2 0.265625 0.5125 0.1125 0.0625
2 0.5671875 0.5484375 0.071875 0.059375
2 0.5046875 0.4234375 0.096875 0.040625
2 0.225 0.5515625 0.0875 0.034375
2 0.5828125 0.4140625 0.040625 0.046875
2 0.50625 0.5265625 0.10625 0.096875
2 0.3859375 0.553125 0.140625 0.05
2 0.58125 0.4984375 0.04375 0.040625
2 0.390625 0.459375 0.075 0.03125
2 0.3453125 0.490625 0.096875 0.0375
2 0.490625 0.4625 0.08125 0.0375
2 0.2015625 0.4703125 0.053125 0.046875
3 0.44375 0.8359375 0.23125 0.328125
2 0.86875 0.909375 0.2625 0.18125
0 0.88125 0.21875 0.2375 0.25625