3 0.25625 0.48125 0.1875 0.11875
1 0.2390625 0.9359375 0.171875 0.128125
1 0.1015625 0.7078125 0.128125 0.096875
1 0.0109375 0.846875 0.021875 0.11875
1 0.375 0.815625 0.10625 0.23125
1 0.0796875 0.9453125 0.140625 0.109375
1 0.0765625 0.8171875 0.109375 0.121875
1 0.19375 0.8046875 0.125 0.134375
1 0.89375 0.8765625 0.1 0.096875
1 0.7109375 0.46875 0.121875 0.14375
1 0.85 0.4390625 0.15625 0.109375
1 0.63125 0.509375 0.1125 0.15
1 0.8734375 0.5203125 0.128125 0.078125
1 0.721875 0.353125 0.13125 0.1125