2 0.090625 0.296875 0.18125 0.24375
2 0.0578125 0.8796875 0.115625 0.128125
2 0.040625 0.721875 0.0375 0.0375
2 0.0375 0.759375 0.0375 0.0375
3 0.8703125 0.996875 0.084375 0.00625
3 0.625 0.6625 0.06875 0.05625
3 0.821875 0.8390625 0.05625 0.053125
3 0.7890625 0.9953125 0.059375 0.009375
3 0.9640625 0.78125 0.071875 0.05
1 0.840625 0.3046875 0.08125 0.046875
1 0.803125 0.415625 0.0875 0.0625
1 0.9828125 0.328125 0.034375 0.08125
1 0.871875 0.3578125 0.1125 0.065625
1 0.7765625 0.565625 0.115625 0.075
1 0.6734375 0.3671875 0.059375 0.053125
1 0.734375 0.2859375 0.10625 0.059375
1 0.609375 0.384375 0.1 0.06875
1 0.8921875 0.48125 0.171875 0.05625