2 0.2296875 0.3140625 0.090625 0.065625
2 0.25 0.1421875 0.05 0.034375
2 0.4234375 0.440625 0.115625 0.0875
2 0.521875 0.3046875 0.13125 0.071875
2 0.1796875 0.1890625 0.040625 0.084375
2 0.3171875 0.2953125 0.065625 0.134375
2 0.3984375 0.38125 0.096875 0.05
2 0.45 0.1828125 0.08125 0.059375
2 0.5046875 0.4734375 0.053125 0.078125
2 0.16875 0.26875 0.06875 0.09375
2 0.1640625 0.35625 0.053125 0.04375
2 0.1484375 0.4125 0.071875 0.05625
2 0.3375 0.4109375 0.04375 0.040625
2 0.528125 0.3921875 0.075 0.065625
2 0.4796875 0.25 0.040625 0.0625
2 0.309375 0.1453125 0.0625 0.040625
2 0.234375 0.4546875 0.09375 0.115625
2 0.4015625 0.2859375 0.090625 0.115625
3 0.24375 0.8046875 0.4875 0.390625
1 0.915625 0.8328125 0.16875 0.315625
1 0.9578125 0.10625 0.084375 0.2125