1 0.0859375 0.5234375 0.059375 0.084375
1 0.203125 0.49375 0.0625 0.09375
1 0.1453125 0.503125 0.053125 0.0875
1 0.146875 0.6015625 0.06875 0.090625
1 0.15625 0.425 0.0625 0.06875
1 0.29375 0.5 0.05 0.1625
1 0.225 0.6046875 0.0875 0.128125
3 0.5953125 0.596875 0.121875 0.175
2 0.621875 0.0515625 0.0875 0.059375
2 0.8328125 0.1640625 0.103125 0.109375
2 0.6171875 0.2140625 0.121875 0.109375
2 0.853125 0.0890625 0.09375 0.065625
2 0.8125 0.009375 0.1 0.01875
2 0.578125 0.1265625 0.06875 0.078125
2 0.5046875 0.1 0.071875 0.09375
2 0.728125 0.0234375 0.05 0.046875
2 0.4953125 0.2203125 0.115625 0.078125
2 0.584375 0.309375 0.11875 0.0875
2 0.6640625 0.125 0.096875 0.0625
2 0.7796875 0.065625 0.053125 0.075