2 0.015625 0.2703125 0.03125 0.028125
2 0.246875 0.3609375 0.04375 0.053125
2 0.0171875 0.415625 0.034375 0.05625
2 0.290625 0.40625 0.1375 0.0625
2 0.0203125 0.5328125 0.040625 0.096875
2 0.078125 0.3984375 0.06875 0.115625
2 0.1671875 0.390625 0.096875 0.1
2 0.1625 0.471875 0.1 0.04375
2 0.1 0.4953125 0.04375 0.034375
2 0.2171875 0.303125 0.084375 0.05
2 0.3 0.4796875 0.08125 0.053125
2 0.2734375 0.5484375 0.053125 0.065625
2 0.06875 0.2734375 0.0625 0.034375
2 0.1890625 0.5203125 0.121875 0.071875
3 0.20625 0.8328125 0.04375 0.103125
0 0.71875 0.896875 0.5625 0.1625
1 0.5859375 0.434375 0.203125 0.23125