1 0.103125 0.30625 0.20625 0.275
0 0.003125 0.7390625 0.00625 0.109375
0 0.271875 0.9015625 0.13125 0.196875
0 0.1203125 0.8265625 0.240625 0.084375
1 0.578125 0.9421875 0.0625 0.090625
1 0.55625 0.590625 0.05625 0.075
1 0.7125 0.6421875 0.06875 0.096875
1 0.640625 0.834375 0.09375 0.06875
1 0.4890625 0.7140625 0.053125 0.084375
1 0.5921875 0.753125 0.046875 0.08125
1 0.5234375 0.690625 0.034375 0.06875
1 0.6125 0.6140625 0.04375 0.059375
1 0.6296875 0.678125 0.059375 0.08125
3 0.578125 0.41875 0.14375 0.09375