2 0.2484375 0.425 0.153125 0.11875
2 0.3703125 0.3578125 0.159375 0.115625
2 0.284375 0.959375 0.18125 0.08125
2 0.4109375 0.953125 0.071875 0.06875
2 0.3859375 0.9953125 0.121875 0.009375
2 0.090625 0.8875 0.125 0.05
2 0.0484375 0.9421875 0.096875 0.065625
2 0.4140625 0.8125 0.065625 0.08125
2 0.040625 0.7796875 0.08125 0.146875
2 0.2828125 0.8296875 0.159375 0.071875
2 0.178125 0.95625 0.1125 0.06875
2 0.40625 0.884375 0.08125 0.0625
2 0.259375 0.8953125 0.1375 0.059375
1 0.775 0.840625 0.45 0.31875
1 0.6515625 0.3796875 0.159375 0.109375