0 0.259375 0.16875 0.51875 0.2
3 0.1375 0.38125 0.01875 0.01875
3 0.1734375 0.384375 0.021875 0.01875
3 0.0953125 0.5328125 0.021875 0.021875
3 0.3578125 0.4125 0.021875 0.0125
3 0.346875 0.5296875 0.025 0.021875
3 0.3484375 0.425 0.028125 0.0125
3 0.503125 0.509375 0.03125 0.01875
3 0.1421875 0.5359375 0.028125 0.015625
3 0.396875 0.5078125 0.01875 0.015625
3 0.1671875 0.40625 0.021875 0.01875
3 0.8953125 0.65625 0.140625 0.26875
1 0.746875 0.209375 0.18125 0.14375
1 0.7625 0.0921875 0.19375 0.121875
1 0.9140625 0.1796875 0.171875 0.115625
1 0.6359375 0.2546875 0.165625 0.153125
1 0.94375 0.2625 0.1125 0.09375