1 0.140625 0.0984375 0.09375 0.059375
1 0.3421875 0.0640625 0.071875 0.053125
1 0.4453125 0.278125 0.071875 0.0375
1 0.321875 0.1390625 0.1875 0.109375
1 0.1109375 0.2203125 0.121875 0.090625
1 0.234375 0.2078125 0.09375 0.071875
3 0.26875 0.5921875 0.18125 0.121875
3 0.19375 0.45 0.13125 0.1375
3 0.084375 0.54375 0.13125 0.13125
2 0.85 0.546875 0.25 0.1125
2 0.9296875 0.75625 0.140625 0.125
2 0.9265625 0.4203125 0.146875 0.165625
2 0.875 0.690625 0.25 0.16875
2 0.98125 0.5875 0.0375 0.1375
0 0.915625 0.0328125 0.16875 0.065625