2 0.184375 0.478125 0.0375 0.05
2 0.21875 0.4390625 0.0375 0.053125
2 0.315625 0.64375 0.08125 0.05625
2 0.3203125 0.5203125 0.046875 0.053125
2 0.3703125 0.5 0.046875 0.0625
2 0.29375 0.578125 0.08125 0.075
2 0.134375 0.49375 0.0625 0.04375
2 0.3765625 0.5828125 0.078125 0.053125
2 0.1609375 0.4296875 0.065625 0.034375
2 0.2921875 0.46875 0.059375 0.0375
2 0.146875 0.5453125 0.06875 0.071875
2 0.2609375 0.51875 0.065625 0.04375
2 0.1 0.9484375 0.2 0.103125
3 0.8078125 0.9078125 0.371875 0.184375
3 0.90625 0.178125 0.1875 0.35625