1 0.3921875 0.4078125 0.090625 0.053125
1 0.35625 0.3375 0.15 0.13125
1 0.1828125 0.36875 0.121875 0.10625
2 0.203125 0.815625 0.25625 0.36875
2 0.625 0.925 0.04375 0.09375
2 0.609375 0.7171875 0.1125 0.090625
2 0.8546875 0.9015625 0.078125 0.140625
2 0.6453125 0.6515625 0.034375 0.078125
2 0.9296875 0.8515625 0.065625 0.071875
2 0.784375 0.7046875 0.05625 0.165625
2 0.69375 0.884375 0.1 0.10625
2 0.6703125 0.5671875 0.071875 0.071875
2 0.7921875 0.521875 0.053125 0.05
2 0.9015625 0.5765625 0.034375 0.103125
2 0.9109375 0.6734375 0.059375 0.115625
2 0.603125 0.825 0.0625 0.075
2 0.9140625 0.78125 0.046875 0.05
2 0.8578125 0.73125 0.078125 0.08125
2 0.8421875 0.5171875 0.040625 0.040625
2 0.765625 0.8484375 0.0375 0.046875
2 0.715625 0.8109375 0.08125 0.065625
2 0.7109375 0.69375 0.078125 0.14375
2 0.7515625 0.359375 0.209375 0.1