2 0.1984375 0.165625 0.203125 0.33125
2 0.1421875 0.6625 0.284375 0.225
0 0.6359375 0.6015625 0.371875 0.103125
2 0.4390625 0.2625 0.078125 0.0875
2 0.4625 0.0578125 0.075 0.115625
2 0.625 0.09375 0.075 0.1875
2 0.8015625 0.034375 0.046875 0.06875
2 0.846875 0.1 0.14375 0.10625
2 0.6453125 0.2578125 0.046875 0.059375
2 0.8546875 0.23125 0.084375 0.09375
2 0.528125 0.1171875 0.1 0.096875
2 0.4578125 0.178125 0.059375 0.0625
2 0.7140625 0.2140625 0.103125 0.078125
2 0.7171875 0.0796875 0.103125 0.159375
2 0.7390625 0.303125 0.128125 0.13125
2 0.534375 0.3234375 0.1 0.171875
2 0.828125 0.3515625 0.05625 0.115625