2 0.2859375 0.171875 0.115625 0.21875
2 0.25 0.3625 0.075 0.0625
2 0.5390625 0.1296875 0.115625 0.153125
2 0.5765625 0.365625 0.128125 0.09375
2 0.140625 0.1578125 0.15625 0.190625
2 0.10625 0.4078125 0.2 0.140625
2 0.4265625 0.43125 0.159375 0.1875
2 0.0640625 0.0203125 0.128125 0.040625
2 0.434375 0.20625 0.15625 0.10625
2 0.146875 0.3140625 0.1625 0.084375
2 0.025 0.1890625 0.05 0.115625
2 0.021875 0.1015625 0.04375 0.103125
2 0.0046875 0.4625 0.009375 0.125
2 0.546875 0.271875 0.09375 0.06875
2 0.5203125 0.0359375 0.071875 0.071875
1 0.3109375 0.796875 0.234375 0.29375
3 0.9390625 0.89375 0.121875 0.2
0 0.8578125 0.2953125 0.284375 0.078125
0 0.8421875 0.421875 0.315625 0.05