3 0.171875 0.4734375 0.0375 0.034375
3 0.0953125 0.2625 0.046875 0.01875
3 0.078125 0.23125 0.0375 0.0375
3 0.209375 0.1296875 0.025 0.040625
0 0.021875 0.84375 0.04375 0.3125
1 0.865625 0.98125 0.15 0.0375
1 0.9640625 0.8625 0.071875 0.18125
1 0.5203125 0.8578125 0.184375 0.284375
1 0.8046875 0.784375 0.171875 0.2125
1 0.6640625 0.96875 0.190625 0.0625
2 0.54375 0.35625 0.08125 0.09375
2 0.3875 0.25 0.0625 0.05625
2 0.4 0.3125 0.06875 0.09375
2 0.4140625 0.165625 0.065625 0.04375
2 0.434375 0.2296875 0.0375 0.065625
2 0.540625 0.215625 0.05625 0.05
2 0.56875 0.28125 0.04375 0.06875
2 0.5640625 0.440625 0.078125 0.075
2 0.5109375 0.278125 0.065625 0.05625
2 0.6234375 0.3625 0.078125 0.06875
2 0.4703125 0.1796875 0.034375 0.065625
2 0.61875 0.25625 0.05 0.08125