1 0.315625 0.2765625 0.25625 0.215625
1 0.01875 0.6421875 0.0375 0.165625
2 0.884375 0.6703125 0.0875 0.034375
2 0.809375 0.71875 0.1875 0.04375
2 0.5671875 0.6453125 0.071875 0.040625
2 0.9484375 0.69375 0.103125 0.0875
2 0.5984375 0.71875 0.115625 0.03125
2 0.9484375 0.6375 0.103125 0.03125
2 0.9515625 0.603125 0.096875 0.0375
2 0.7 0.578125 0.21875 0.075
2 0.6515625 0.68125 0.146875 0.05625
2 0.6671875 0.6359375 0.090625 0.034375
2 0.75625 0.6640625 0.13125 0.034375
2 0.8171875 0.634375 0.096875 0.025