3 0.346875 0.1125 0.04375 0.04375
3 0.1171875 0.2390625 0.065625 0.046875
3 0.28125 0.5359375 0.06875 0.040625
3 0.146875 0.275 0.08125 0.025
3 0.2734375 0.71875 0.084375 0.10625
3 0.1546875 0.75625 0.115625 0.09375
3 0.203125 0.646875 0.08125 0.10625
2 0.928125 0.7828125 0.14375 0.165625
2 0.7265625 0.815625 0.065625 0.08125
2 0.8109375 0.7796875 0.071875 0.065625
2 0.7671875 0.7015625 0.184375 0.146875
2 0.64375 0.8390625 0.0875 0.071875
0 0.803125 0.228125 0.39375 0.15
0 0.7921875 0.4109375 0.415625 0.084375
0 0.8484375 0.03125 0.303125 0.0625