3 0.2234375 0.140625 0.078125 0.06875
2 0.4890625 0.75625 0.028125 0.05
2 0.2359375 0.7203125 0.034375 0.059375
2 0.4390625 0.7890625 0.071875 0.121875
2 0.2859375 0.7078125 0.046875 0.046875
2 0.359375 0.825 0.09375 0.0625
2 0.3328125 0.7484375 0.065625 0.046875
2 0.4875 0.7046875 0.03125 0.046875
2 0.490625 0.6515625 0.025 0.059375
2 0.4296875 0.7125 0.053125 0.04375
2 0.278125 0.7734375 0.075 0.078125
2 0.4375 0.6640625 0.0625 0.053125
2 0.4796875 0.8203125 0.046875 0.071875
2 0.3625 0.70625 0.05 0.0375
2 0.2515625 0.825 0.059375 0.04375
2 0.3046875 0.6265625 0.109375 0.109375
2 0.396875 0.759375 0.04375 0.05
3 0.7015625 0.58125 0.178125 0.125
3 0.7875 0.175 0.2125 0.225