2 0.3859375 0.50625 0.165625 0.2
2 0.3796875 0.215625 0.184375 0.19375
2 0.1578125 0.5046875 0.178125 0.196875
2 0.16875 0.2109375 0.14375 0.171875
2 0.178125 0.8015625 0.2625 0.165625
1 0.68125 0.75 0.05625 0.05
1 0.628125 0.675 0.05625 0.04375
1 0.74375 0.6515625 0.04375 0.034375
1 0.609375 0.759375 0.06875 0.0625
1 0.8046875 0.8 0.040625 0.025
1 0.73125 0.703125 0.10625 0.075
2 0.846875 0.4203125 0.0375 0.059375
2 0.8140625 0.421875 0.034375 0.05
2 0.9046875 0.490625 0.040625 0.0625
2 0.834375 0.4921875 0.06875 0.065625
2 0.94375 0.509375 0.0375 0.06875
2 0.9484375 0.578125 0.059375 0.06875
2 0.9046875 0.3875 0.053125 0.08125