1 0.2765625 0.159375 0.553125 0.31875
2 0.4140625 0.509375 0.196875 0.1375
2 0.921875 0.5984375 0.1 0.259375
2 0.734375 0.14375 0.05 0.06875
2 0.7296875 0.23125 0.078125 0.05625
2 0.790625 0.29375 0.08125 0.0625
2 0.8453125 0.1609375 0.065625 0.046875
2 0.7859375 0.1625 0.046875 0.05625
2 0.959375 0.190625 0.06875 0.075
2 0.8125 0.2265625 0.08125 0.078125
2 0.8875 0.078125 0.0375 0.05625
2 0.9453125 0.0671875 0.065625 0.034375
2 0.9703125 0.1359375 0.059375 0.046875
2 0.8140625 0.109375 0.059375 0.04375
2 0.9234375 0.1203125 0.040625 0.053125