1 0.2453125 0.409375 0.015625 0.0125
1 0.3515625 0.3890625 0.009375 0.009375
1 0.3859375 0.4484375 0.009375 0.009375
1 0.2046875 0.4734375 0.015625 0.009375
1 0.2609375 0.4359375 0.015625 0.009375
1 0.2859375 0.48125 0.021875 0.0125
1 0.2828125 0.3734375 0.009375 0.009375
1 0.3234375 0.4765625 0.021875 0.015625
1 0.246875 0.3421875 0.0125 0.009375
1 0.2140625 0.5375 0.015625 0.01875
1 0.359375 0.4203125 0.0125 0.009375
2 0.09375 0.85625 0.1875 0.2875
2 0.2453125 0.85625 0.115625 0.13125
1 0.85625 0.8703125 0.26875 0.259375
2 0.6984375 0.190625 0.221875 0.38125