1 0.309375 0.2109375 0.025 0.015625
1 0.3796875 0.125 0.009375 0.0125
1 0.2421875 0.290625 0.015625 0.025
1 0.2859375 0.146875 0.015625 0.0125
1 0.2703125 0.109375 0.015625 0.0125
1 0.271875 0.0140625 0.0125 0.015625
1 0.3453125 0.2046875 0.021875 0.021875
1 0.4015625 0.1640625 0.009375 0.015625
1 0.2328125 0.2015625 0.015625 0.015625
1 0.3078125 0.059375 0.009375 0.0125
1 0.3703125 0.0828125 0.009375 0.015625
3 0.1046875 0.534375 0.159375 0.1
3 0.9171875 0.559375 0.165625 0.2375
0 0.778125 0.103125 0.44375 0.0875