3 0.053125 0.25625 0.10625 0.21875
3 0.1078125 0.7203125 0.215625 0.203125
2 0.7109375 0.8859375 0.046875 0.084375
2 0.609375 0.696875 0.025 0.05625
2 0.6234375 0.78125 0.053125 0.08125
2 0.6796875 0.653125 0.040625 0.1
2 0.7078125 0.8015625 0.028125 0.084375
2 0.678125 0.7796875 0.03125 0.078125
2 0.6328125 0.69375 0.028125 0.075
2 0.6828125 0.36875 0.109375 0.10625
2 0.6796875 0.209375 0.078125 0.05625
2 0.471875 0.246875 0.08125 0.0625
2 0.7171875 0.2828125 0.059375 0.078125
2 0.7109375 0.4609375 0.103125 0.084375
2 0.7921875 0.375 0.103125 0.075
2 0.5828125 0.16875 0.046875 0.075
2 0.5078125 0.153125 0.090625 0.05
2 0.784375 0.2546875 0.0625 0.090625
2 0.5375 0.2234375 0.05 0.071875
2 0.4890625 0.31875 0.090625 0.10625
2 0.640625 0.2796875 0.0875 0.059375