1 0.4046875 0.228125 0.246875 0.30625
1 0.13125 0.259375 0.2625 0.34375
3 0.35 0.625 0.025 0.01875
3 0.3515625 0.515625 0.028125 0.0125
3 0.4 0.6046875 0.01875 0.015625
3 0.1828125 0.475 0.021875 0.01875
3 0.1796875 0.496875 0.021875 0.01875
3 0.3609375 0.503125 0.021875 0.0125
3 0.15625 0.6328125 0.025 0.015625
3 0.1109375 0.6296875 0.021875 0.021875
3 0.1515625 0.46875 0.021875 0.01875
3 0.5015625 0.6046875 0.028125 0.021875
3 0.9140625 0.8375 0.171875 0.28125
0 0.834375 0.25625 0.33125 0.06875