1 0.2359375 0.24375 0.053125 0.04375
2 0.334375 0.640625 0.19375 0.11875
2 0.075 0.4765625 0.15 0.115625
2 0.0171875 0.6734375 0.034375 0.115625
2 0.1109375 0.6703125 0.165625 0.121875
2 0.1734375 0.5671875 0.184375 0.096875
2 0.259375 0.4515625 0.18125 0.115625
2 0.353125 0.540625 0.19375 0.08125
2 0.0421875 0.5625 0.084375 0.0875
2 0.2640625 0.6859375 0.159375 0.090625
1 0.896875 0.6015625 0.10625 0.134375
1 0.878125 0.6875 0.08125 0.05625
1 0.75625 0.5640625 0.175 0.065625
1 0.7046875 0.478125 0.128125 0.10625
1 0.784375 0.6421875 0.10625 0.121875
2 0.80625 0.2421875 0.3875 0.228125