2 0.1015625 0.1421875 0.203125 0.146875
2 0.1921875 0.5265625 0.109375 0.034375
2 0.3125 0.5609375 0.05625 0.040625
2 0.2125 0.5875 0.14375 0.09375
2 0.059375 0.5234375 0.1 0.028125
2 0.03125 0.5546875 0.0625 0.034375
2 0.2921875 0.609375 0.096875 0.05625
2 0.025 0.4609375 0.05 0.084375
2 0.128125 0.5625 0.0875 0.0375
2 0.309375 0.5203125 0.0625 0.034375
2 0.3140625 0.4796875 0.053125 0.046875
2 0.071875 0.6140625 0.14375 0.046875
2 0.2109375 0.4890625 0.128125 0.040625
3 0.6484375 0.5609375 0.284375 0.303125
3 0.8515625 0.0828125 0.053125 0.046875