1 0.234375 0.065625 0.3625 0.13125
2 0.296875 0.36875 0.05625 0.05
2 0.171875 0.425 0.04375 0.10625
2 0.2390625 0.3640625 0.046875 0.040625
2 0.140625 0.7015625 0.06875 0.071875
2 0.509375 0.6765625 0.075 0.078125
2 0.5015625 0.5671875 0.128125 0.090625
2 0.3859375 0.54375 0.090625 0.14375
2 0.225 0.753125 0.09375 0.14375
2 0.3234375 0.7 0.040625 0.05
2 0.15625 0.63125 0.05 0.05
2 0.4328125 0.415625 0.078125 0.075
2 0.4609375 0.5015625 0.040625 0.078125
2 0.21875 0.58125 0.0875 0.08125
2 0.384375 0.6625 0.09375 0.0625
2 0.3046875 0.5546875 0.065625 0.165625
2 0.40625 0.7359375 0.1125 0.109375
2 0.1609375 0.521875 0.065625 0.11875
2 0.4875 0.7765625 0.05 0.096875
1 0.8046875 0.615625 0.390625 0.21875
0 0.796875 0.1421875 0.40625 0.284375