3 0.06875 0.396875 0.0875 0.1375
1 0.4375 0.6953125 0.1125 0.040625
1 0.41875 0.740625 0.06875 0.06875
1 0.2140625 0.8484375 0.115625 0.046875
1 0.234375 0.79375 0.075 0.075
1 0.3484375 0.7171875 0.065625 0.078125
1 0.471875 0.646875 0.08125 0.0625
1 0.359375 0.765625 0.05 0.03125
1 0.9671875 0.890625 0.065625 0.0625
1 0.9109375 0.7296875 0.053125 0.084375
1 0.95625 0.853125 0.06875 0.075
1 0.9015625 0.875 0.059375 0.09375
1 0.9765625 0.9546875 0.046875 0.084375
0 0.846875 0.1203125 0.30625 0.153125