2 0.0171875 0.1796875 0.034375 0.359375
2 0.128125 0.0171875 0.25625 0.034375
1 0.1546875 0.6 0.071875 0.0875
1 0.2203125 0.6984375 0.078125 0.084375
1 0.2875 0.625 0.06875 0.075
1 0.1296875 0.7015625 0.096875 0.121875
1 0.221875 0.6078125 0.0625 0.078125
1 0.0515625 0.60625 0.059375 0.15
1 0.2078125 0.5359375 0.071875 0.065625
1 0.7125 0.865625 0.075 0.13125
1 0.6515625 0.5953125 0.090625 0.121875
1 0.9046875 0.68125 0.109375 0.1625
1 0.74375 0.63125 0.06875 0.1
1 0.7875 0.971875 0.15 0.05625
1 0.7703125 0.740625 0.096875 0.1375
1 0.6 0.7625 0.05 0.1125
1 0.5453125 0.8 0.084375 0.14375
2 0.8328125 0.1359375 0.334375 0.271875