3 0.1796875 0.0453125 0.046875 0.034375
3 0.221875 0.0640625 0.025 0.028125
3 0.2796875 0.3734375 0.053125 0.046875
3 0.2015625 0.228125 0.046875 0.05
3 0.5015625 0.3265625 0.059375 0.034375
3 0.29375 0.24375 0.05625 0.04375
3 0.18125 0.0078125 0.04375 0.015625
3 0.2265625 0.0125 0.034375 0.025
1 0.15625 0.8109375 0.2125 0.259375
1 0.0609375 0.875 0.121875 0.25
1 0.178125 0.6015625 0.225 0.209375
1 0.4265625 0.909375 0.215625 0.1625
1 0.384375 0.7625 0.25625 0.2
1 0.94375 0.58125 0.1125 0.11875
1 0.8375 0.2171875 0.05 0.053125
1 0.8578125 0.246875 0.071875 0.04375
1 0.8546875 0.290625 0.059375 0.0625
1 0.80625 0.13125 0.03125 0.0625
1 0.796875 0.234375 0.04375 0.0625