2 0.5390625 0.0546875 0.184375 0.109375
2 0.4671875 0.253125 0.165625 0.25625
2 0.4015625 0.675 0.115625 0.05
2 0.328125 0.703125 0.05 0.0375
2 0.5515625 0.603125 0.159375 0.06875
2 0.121875 0.56875 0.08125 0.0875
2 0.29375 0.453125 0.075 0.0375
2 0.5015625 0.553125 0.053125 0.0625
2 0.43125 0.73125 0.14375 0.08125
2 0.1171875 0.6515625 0.065625 0.040625
2 0.196875 0.6140625 0.1125 0.059375
2 0.5609375 0.6859375 0.090625 0.059375
2 0.303125 0.5953125 0.08125 0.128125
2 0.1359375 0.4953125 0.053125 0.078125
2 0.40625 0.5859375 0.1125 0.109375
2 0.53125 0.7640625 0.0625 0.071875
2 0.465625 0.4875 0.1 0.05625
2 0.096875 0.70625 0.0875 0.05625
2 0.203125 0.7453125 0.1125 0.109375
2 0.2203125 0.45 0.059375 0.03125
2 0.9421875 0.65 0.115625 0.2
2 0.921875 0.2046875 0.1 0.096875