3 0.190625 0.4015625 0.0375 0.028125
3 0.0609375 0.25625 0.034375 0.03125
3 0.1046875 0.384375 0.040625 0.025
3 0.2140625 0.1921875 0.034375 0.028125
3 0.14375 0.3875 0.03125 0.0375
3 0.1734375 0.434375 0.046875 0.03125
3 0.13125 0.2859375 0.025 0.034375
2 0.128125 0.8328125 0.25625 0.334375
3 0.4828125 0.6703125 0.265625 0.390625
2 0.8484375 0.0421875 0.171875 0.084375
2 0.9734375 0.1953125 0.053125 0.096875
2 0.86875 0.24375 0.13125 0.1125
2 0.834375 0.1625 0.075 0.075
2 0.9921875 0.0234375 0.015625 0.046875
2 0.9234375 0.128125 0.071875 0.06875