2 0.1109375 0.178125 0.221875 0.35625
3 0.090625 0.6109375 0.16875 0.246875
3 0.575 0.703125 0.41875 0.43125
2 0.865625 0.0640625 0.11875 0.046875
2 0.4796875 0.2734375 0.140625 0.071875
2 0.890625 0.2203125 0.125 0.096875
2 0.628125 0.265625 0.15 0.1
2 0.5796875 0.1859375 0.084375 0.071875
2 0.5875 0.3546875 0.14375 0.078125
2 0.7625 0.078125 0.0625 0.06875
2 0.9140625 0.1515625 0.115625 0.059375
2 0.4875 0.1609375 0.0875 0.084375
2 0.63125 0.1171875 0.10625 0.053125
2 0.825 0.13125 0.06875 0.06875
2 0.684375 0.1828125 0.11875 0.059375