2 0.071875 0.2609375 0.14375 0.246875
3 0.0109375 0.8828125 0.021875 0.234375
3 0.6265625 0.7859375 0.046875 0.046875
2 0.76875 0.3625 0.1 0.04375
2 0.8171875 0.4203125 0.078125 0.059375
2 0.71875 0.4171875 0.1125 0.046875
2 0.9140625 0.4921875 0.134375 0.059375
2 0.771875 0.4859375 0.14375 0.084375
2 0.5828125 0.3734375 0.065625 0.059375
2 0.809375 0.5578125 0.1375 0.065625
2 0.521875 0.446875 0.11875 0.08125
2 0.5453125 0.31875 0.115625 0.0375
2 0.9046875 0.3984375 0.084375 0.071875
2 0.64375 0.3296875 0.0625 0.059375
2 0.4984375 0.390625 0.109375 0.05