3 0.4453125 0.3515625 0.040625 0.028125
3 0.46875 0.5015625 0.025 0.028125
3 0.14375 0.3609375 0.025 0.034375
3 0.2671875 0.45 0.034375 0.03125
3 0.1796875 0.659375 0.034375 0.03125
3 0.25 0.4765625 0.04375 0.015625
1 0.34375 0.8640625 0.23125 0.190625
3 0.915625 0.7578125 0.14375 0.071875
3 0.8015625 0.1625 0.028125 0.05625
3 0.59375 0.571875 0.0375 0.04375
3 0.7703125 0.178125 0.021875 0.05
3 0.7734375 0.2515625 0.015625 0.034375
3 0.728125 0.471875 0.0375 0.05625
3 0.8 0.228125 0.03125 0.04375
3 0.7875 0.453125 0.03125 0.0625
3 0.7359375 0.63125 0.034375 0.05625