3 0.190625 0.271875 0.38125 0.325
0 0.30625 0.778125 0.6125 0.39375
3 0.8953125 0.8484375 0.209375 0.303125
2 0.6796875 0.4515625 0.053125 0.034375
2 0.9140625 0.471875 0.096875 0.04375
2 0.996875 0.546875 0.00625 0.0625
2 0.8328125 0.4 0.065625 0.1125
2 0.9171875 0.3921875 0.090625 0.096875
2 0.6953125 0.315625 0.040625 0.06875
2 0.9875 0.365625 0.025 0.05
2 0.765625 0.275 0.05 0.025
2 0.7453125 0.4171875 0.090625 0.053125
2 0.6640625 0.496875 0.071875 0.05
2 0.853125 0.4953125 0.04375 0.034375
2 0.684375 0.3796875 0.06875 0.078125
2 0.825 0.278125 0.0625 0.03125
2 0.9390625 0.51875 0.115625 0.06875
2 0.9859375 0.4078125 0.028125 0.059375
2 0.75 0.53125 0.09375 0.09375
2 0.9625 0.309375 0.075 0.05