2 0.2609375 0.21875 0.159375 0.16875
3 0.2421875 0.753125 0.046875 0.04375
3 0.8625 0.6265625 0.175 0.128125
2 0.8203125 0.253125 0.096875 0.05
2 0.8109375 0.4046875 0.184375 0.078125
2 0.6703125 0.2546875 0.090625 0.059375
2 0.571875 0.2703125 0.06875 0.078125
2 0.6578125 0.3375 0.146875 0.1
2 0.603125 0.403125 0.1125 0.05625
2 0.9484375 0.259375 0.103125 0.05625
2 0.95 0.359375 0.1 0.15625
2 0.953125 0.196875 0.09375 0.06875
2 0.7609375 0.3046875 0.128125 0.059375
2 0.8875 0.31875 0.0875 0.0625
2 0.7046875 0.1484375 0.215625 0.140625