3 0.1390625 0.3703125 0.028125 0.021875
3 0.290625 0.3921875 0.025 0.021875
3 0.2796875 0.259375 0.021875 0.0125
3 0.4578125 0.2296875 0.021875 0.021875
3 0.2890625 0.2734375 0.028125 0.015625
3 0.484375 0.4015625 0.025 0.015625
3 0.4890625 0.2234375 0.021875 0.021875
3 0.240625 0.3703125 0.01875 0.015625
3 0.4609375 0.2546875 0.021875 0.021875
3 0.5296875 0.396875 0.021875 0.025
3 0.30625 0.65 0.1 0.06875
3 0.1875 0.9625 0.1 0.05625
3 0.0921875 0.965625 0.071875 0.06875
3 0.015625 0.9859375 0.03125 0.028125
3 0.13125 0.728125 0.06875 0.075
1 0.8984375 0.725 0.203125 0.3375
1 0.90625 0.1796875 0.1875 0.359375