3 0.1203125 0.6265625 0.040625 0.034375
3 0.5625 0.45 0.03125 0.03125
3 0.3265625 0.6609375 0.034375 0.034375
3 0.5578125 0.4125 0.028125 0.03125
3 0.59375 0.6734375 0.0375 0.021875
3 0.259375 0.625 0.025 0.025
3 0.6015625 0.4046875 0.028125 0.034375
3 0.3140625 0.4578125 0.028125 0.021875
3 0.6578125 0.6671875 0.028125 0.034375
3 0.325 0.48125 0.0375 0.025
2 0.575 0.8859375 0.05625 0.040625
2 0.63125 0.8296875 0.10625 0.078125
2 0.5484375 0.8671875 0.040625 0.071875
2 0.3625 0.790625 0.16875 0.08125
2 0.434375 0.85 0.125 0.10625
2 0.190625 0.825 0.16875 0.09375
3 0.915625 0.85625 0.16875 0.13125
2 0.940625 0.5015625 0.11875 0.159375