2 0.296875 0.3578125 0.1125 0.059375
2 0.1890625 0.346875 0.115625 0.08125
2 0.1578125 0.221875 0.115625 0.075
2 0.359375 0.2609375 0.1375 0.053125
2 0.34375 0.3265625 0.1375 0.078125
2 0.23125 0.28125 0.13125 0.0625
2 0.075 0.35 0.11875 0.075
2 0.2921875 0.2046875 0.128125 0.078125
2 0.1046875 0.278125 0.128125 0.05625
0 0.2078125 0.4734375 0.278125 0.059375
1 0.8671875 0.73125 0.190625 0.225
1 0.846875 0.5515625 0.2 0.178125
1 0.6625 0.6890625 0.23125 0.171875
1 0.6234375 0.8171875 0.190625 0.140625
1 0.9484375 0.803125 0.103125 0.24375
1 0.6703125 0.0953125 0.296875 0.190625