1 0.1875 0.45625 0.3375 0.1875
2 0.2265625 0.6640625 0.146875 0.109375
2 0.3390625 0.6890625 0.071875 0.115625
2 0.140625 0.95 0.09375 0.1
2 0.053125 0.725 0.075 0.2375
2 0.31875 0.9140625 0.10625 0.134375
2 0.24375 0.9453125 0.1 0.109375
2 0.2171875 0.796875 0.053125 0.15
3 0.784375 0.846875 0.05625 0.075
2 0.609375 0.3046875 0.15 0.121875
2 0.525 0.5078125 0.15625 0.078125
2 0.809375 0.475 0.06875 0.04375
2 0.94375 0.303125 0.1125 0.0875
2 0.7859375 0.30625 0.159375 0.10625
2 0.9265625 0.4953125 0.146875 0.103125