0 0.1953125 0.196875 0.390625 0.15
2 0.0734375 0.7921875 0.146875 0.284375
1 0.90625 0.715625 0.1625 0.13125
1 0.778125 0.5796875 0.1875 0.096875
1 0.59375 0.6546875 0.225 0.090625
1 0.5625 0.725 0.18125 0.06875
1 0.79375 0.68125 0.175 0.125
2 0.6046875 0.1921875 0.171875 0.084375
2 0.715625 0.3421875 0.11875 0.078125
2 0.603125 0.39375 0.19375 0.19375
2 0.6296875 0.2703125 0.146875 0.071875
2 0.4703125 0.25625 0.084375 0.075
2 0.49375 0.4390625 0.13125 0.115625
2 0.9109375 0.1328125 0.178125 0.171875
2 0.8109375 0.2609375 0.134375 0.059375
2 0.8203125 0.4484375 0.253125 0.096875
2 0.4671875 0.3390625 0.078125 0.078125
2 0.8921875 0.325 0.178125 0.075
2 0.4640625 0.171875 0.071875 0.09375
2 0.9765625 0.2625 0.046875 0.075
2 0.9671875 0.3671875 0.065625 0.121875