1 0.03125 0.1 0.0625 0.2
1 0.2203125 0.1234375 0.384375 0.246875
3 0.0859375 0.771875 0.171875 0.45625
1 0.50625 0.7390625 0.1625 0.278125
1 0.915625 0.7609375 0.16875 0.309375
1 0.71875 0.7671875 0.225 0.296875
2 0.7 0.115625 0.0625 0.18125
2 0.6015625 0.3109375 0.109375 0.115625
2 0.840625 0.08125 0.0625 0.125
2 0.8453125 0.1984375 0.053125 0.053125
2 0.6234375 0.2328125 0.090625 0.071875
2 0.509375 0.1296875 0.125 0.096875
2 0.6203125 0.1046875 0.084375 0.159375
2 0.8296875 0.0171875 0.040625 0.034375
2 0.8609375 0.275 0.071875 0.075
2 0.5484375 0.0578125 0.040625 0.084375
2 0.7828125 0.14375 0.084375 0.0875
2 0.778125 0.3296875 0.0875 0.153125
2 0.6796875 0.2734375 0.040625 0.053125
2 0.5015625 0.246875 0.071875 0.08125
2 0.5765625 0.003125 0.078125 0.00625
2 0.5234375 0.3546875 0.046875 0.103125