2 0.20625 0.2640625 0.06875 0.053125
3 0.203125 0.5390625 0.025 0.040625
3 0.140625 0.4484375 0.03125 0.034375
0 0.6015625 0.584375 0.128125 0.1
2 0.6234375 0.040625 0.071875 0.08125
2 0.4515625 0.1140625 0.115625 0.071875
2 0.4421875 0.0296875 0.078125 0.059375
2 0.771875 0.3015625 0.31875 0.128125
2 0.790625 0.009375 0.14375 0.01875
2 0.8078125 0.153125 0.096875 0.09375
2 0.8828125 0.11875 0.103125 0.06875
2 0.709375 0.15625 0.0875 0.0875
2 0.7828125 0.059375 0.053125 0.08125
2 0.9015625 0.015625 0.071875 0.03125