0 0.1 0.2609375 0.2 0.140625
2 0.2328125 0.6234375 0.040625 0.071875
2 0.115625 0.60625 0.075 0.06875
2 0.1296875 0.53125 0.040625 0.0625
2 0.19375 0.6046875 0.04375 0.065625
2 0.2390625 0.69375 0.065625 0.06875
2 0.19375 0.4984375 0.05625 0.084375
2 0.0953125 0.534375 0.034375 0.05
0 0.9796875 0.8078125 0.040625 0.115625
0 0.575 0.6546875 0.29375 0.178125
1 0.628125 0.25 0.0875 0.0625
1 0.771875 0.2734375 0.09375 0.084375
1 0.5953125 0.3296875 0.078125 0.053125
1 0.6984375 0.3265625 0.096875 0.065625
1 0.5140625 0.2734375 0.096875 0.053125